2020-02-26 3 0 0
2020-02-27 1 0 0
2020-02-28 2 0 0
2020-02-29 3 0 0
2020-03-01 4 0 0
2020-03-02 5 0 0
2020-03-03 7 0 0
2020-03-04 6 0 0
2020-03-05 9 0 0
2020-03-06 11 1 0
2020-03-07 6 0 0
2020-03-08 13 3 0
2020-03-09 38 1 0
2020-03-10 62 5 0
2020-03-11 68 1 0
2020-03-12 217 1 0
2020-03-13 272 3 0
2020-03-14 282 0 0
2020-03-15 165 14 0
2020-03-16 679 2 1
2020-03-17 784 11 2
2020-03-18 890 17 1
2020-03-19 1152 23 0
2020-03-20 1779 45 6
2020-03-21 723 75 4
2020-03-22 1042 57 4
2020-03-23 1526 105 5
2020-03-24 1665 113 5
2020-03-25 2358 161 5
2020-03-26 2642 302 9
2020-03-27 2196 282 3
2020-03-28 1282 289 13
2020-03-29 1637 269 18
2020-03-30 1982 367 14
2020-03-31 2371 407 22
2020-04-01 2577 463 22
2020-04-02 2714 397 21
2020-04-03 2830 512 32
2020-04-04 1668 461 25
2020-04-05 1131 525 32
2020-04-06 2517 556 25
2020-04-07 2796 421 38
2020-04-08 3092 421 29
2020-04-09 2824 558 36
2020-04-10 2843 514 26
2020-04-11 1576 486 23
2020-04-12 758 318 27
2020-04-13 3558 291 35
2020-04-14 3702 417 47
2020-04-15 3400 575 38
2020-04-16 4000 594 34
2020-04-17 4325 503 35
2020-04-18 1772 556 28
2020-04-19 1136 479 39
2020-04-20 4407 382 37
2020-04-21 3950 377 49
2020-04-22 3968 605 50
2020-04-23 4589 645 38
2020-04-24 3762 695 36
2020-04-25 2410 624 42
2020-04-26 1863 942 35
2020-04-27 4823 612 44
2020-04-28 5112 593 36
2020-04-29 5426 646 44
2020-04-30 5816 785 45
2020-05-01 6734 651 37
2020-05-02 3335 633 44
2020-05-03 1846 564 37
2020-05-04 5885 523 40
2020-05-05 6553 830 37
2020-05-06 6021 617 42
2020-05-07 6666 628 37
2020-05-08 6745 585 28
2020-05-09 3348 385 34
2020-05-10 1321 456 33
2020-05-11 7174 504 41
2020-05-12 6825 373 39
2020-05-13 7148 598 27
2020-05-14 7871 581 44
2020-05-15 9545 635 33
2020-05-16 3145 489 30
2020-05-17 1928 480 30
2020-05-18 8267 449 41
2020-05-19 6970 552 31
2020-05-20 6594 643 33
2020-05-21 7453 461 40
2020-05-22 8201 488 18
2020-05-23 2861 473 25
2020-05-24 1840 334 15
2020-05-25 1818 357 23
2020-05-26 7804 349 21
2020-05-27 6406 591 15
2020-05-28 7091 477 19
2020-05-29 7720 559 22
2020-05-30 2879 339 23
2020-05-31 1821 279 17
2020-06-01 8107 412 20
2020-06-02 5689 477 20
2020-06-03 6745 427 28
2020-06-04 6963 500 23
2020-06-05 7904 419 21
2020-06-06 3720 402 10
2020-06-07 2000 232 14
2020-06-08 9768 384 16
2020-06-09 6679 305 26
2020-06-10 8054 395 18
2020-06-11 9779 414 15
2020-06-12 10034 405 16
2020-06-13 4904 387 13
2020-06-14 1901 323 20
2020-06-15 11365 413 15
2020-06-16 9715 236 15
2020-06-17 10079 548 17
2020-06-18 10056 367 26
2020-06-19 10177 381 11
2020-06-20 4378 370 10
2020-06-21 1838 247 12
2020-06-22 10672 303 16
2020-06-23 9629 273 5
2020-06-24 9041 512 10
2020-06-25 9282 443 12
2020-06-26 9796 478 12
2020-06-27 4027 347 12
2020-06-28 2960 300 9
2020-06-29 10246 369 8
2020-06-30 8833 356 10
2020-07-01 7918 441 12
2020-07-02 9002 527 9
2020-07-03 5186 494 11
2020-07-04 2086 587 7
2020-07-05 2702 313 12
2020-07-06 11252 299 16
2020-07-07 9815 445 9
2020-07-08 8918 499 8
2020-07-09 9064 719 11
2020-07-10 10399 757 7
2020-07-11 4817 545 11
2020-07-12 3566 445 12
2020-07-13 12420 644 9
2020-07-14 11702 678 6
2020-07-15 11270 720 11
2020-07-16 12770 736 10
2020-07-17 13204 834 9
2020-07-18 5747 910 9
2020-07-19 3125 638 10
2020-07-20 13048 713 14
2020-07-21 12685 738 9
2020-07-22 12203 934 13
2020-07-23 12142 993 10
2020-07-24 12407 910 11
2020-07-25 5027 832 11
2020-07-26 2569 549 10
2020-07-27 12584 801 4
2020-07-28 12580 622 6
2020-07-29 11438 967 21
2020-07-30 11297 900 9
2020-07-31 12031 999 11
2020-08-01 4859 787 13
2020-08-02 2919 576 9
2020-08-03 13407 838 9
2020-08-04 13187 749 11
2020-08-05 13380 1074 5
2020-08-06 13797 1274 15
2020-08-07 14035 1051 14
2020-08-08 5582 1044 12
2020-08-09 3711 671 7
2020-08-10 15975 883 16
2020-08-11 13445 700 13
2020-08-12 14634 1074 15
2020-08-13 14444 1076 14
2020-08-14 15803 1133 17
2020-08-15 5525 773 12
2020-08-16 5270 610 12
2020-08-17 17707 904 22
2020-08-18 16309 545 5
2020-08-19 16018 1010 17
2020-08-20 15139 1234 16
2020-08-21 14784 1138 8
2020-08-22 6513 643 15
2020-08-23 4728 655 12
2020-08-24 13582 805 14
2020-08-25 12517 922 11
2020-08-26 11801 1112 4
2020-08-27 11994 817 16
2020-08-28 11504 1131 9
2020-08-29 4539 856 12
2020-08-30 2871 878 9
2020-08-31 12776 694 13
2020-09-01 11745 857 7
2020-09-02 11268 1090 10
2020-09-03 10344 1021 6
2020-09-04 10566 1066 14
2020-09-05 3965 842 11
2020-09-06 2399 586 14
2020-09-07 3012 390 11
2020-09-08 12878 703 16
2020-09-09 11791 745 13
2020-09-10 10834 1260 12
2020-09-11 10827 1029 12
2020-09-12 4061 739 4
2020-09-13 2533 700 17
2020-09-14 11423 746 14
2020-09-15 9921 613 12
2020-09-16 9300 832 8
2020-09-17 9637 1469 15
2020-09-18 9117 1085 12
2020-09-19 3680 732 10
2020-09-20 2291 533 7
2020-09-21 10974 640 11
2020-09-22 10005 712 15
2020-09-23 9372 907 17
2020-09-24 9713 1174 13
2020-09-25 9087 1133 13
2020-09-26 3862 908 24
2020-09-27 2403 870 12
2020-09-28 11288 755 20
2020-09-29 10744 956 19
2020-09-30 9814 1155 13
2020-10-01 10578 1476 19
2020-10-02 11319 1407 18
2020-10-03 4882 1094 24
2020-10-04 3527 825 16
2020-10-05 13832 983 14
2020-10-06 12549 1265 15
2020-10-07 11911 1477 19
2020-10-08 12201 1815 23
2020-10-09 11402 1933 25
2020-10-10 5449 1574 17
2020-10-11 3396 1558 21
2020-10-12 12177 1547 23
2020-10-13 12905 1156 29
2020-10-14 12115 1930 20
2020-10-15 12871 2299 35
2020-10-16 11905 2486 42
2020-10-17 5665 1613 24
2020-10-18 3461 1573 30
2020-10-19 14188 1524 20
2020-10-20 13709 1753 36
2020-10-21 13139 2820 33
2020-10-22 12999 2485 36
2020-10-23 12658 2743 28
2020-10-24 5978 2125 25
2020-10-25 3911 1979 30
2020-10-26 16211 2035 41
2020-10-27 15470 2579 41
2020-10-28 14865 3612 35
2020-10-29 15953 3172 39
2020-10-30 14498 3463 50
2020-10-31 6853 2775 35
2020-11-01 4590 3052 40
2020-11-02 18052 2901 43
2020-11-03 16715 3730 43
2020-11-04 19567 4431 52
2020-11-05 20690 4668 40
2020-11-06 19277 4961 57
2020-11-07 10027 4618 49
2020-11-08 6026 4150 61
2020-11-09 23150 4822 44
2020-11-10 24006 5065 61
2020-11-11 19249 6573 59
2020-11-12 23487 5625 41
2020-11-13 21864 8279 46
2020-11-14 11043 6754 52
2020-11-15 6736 5154 70
2020-11-16 25758 5453 63
2020-11-17 24349 6062 83
2020-11-18 23250 7327 74
2020-11-19 23927 6835 78
2020-11-20 21995 6897 72
2020-11-21 10911 6203 69
2020-11-22 6043 5550 78
2020-11-23 22275 5676 88
2020-11-24 21049 6017 82
2020-11-25 18614 6378 84
2020-11-26 2154 5638 95
2020-11-27 13096 4500 86
2020-11-28 8722 4271 74
2020-11-29 5920 5623 81
2020-11-30 21269 5449 85
2020-12-01 19975 6611 87
2020-12-02 19308 8438 100
2020-12-03 19697 7898 90
2020-12-04 18094 7692 99
2020-12-05 9243 6559 97
2020-12-06 5501 5626 90
2020-12-07 20361 5393 95
2020-12-08 18220 5786 111
2020-12-09 16934 6470 105
2020-12-10 17168 7199 109
2020-12-11 15976 7440 110
2020-12-12 8507 5909 97
2020-12-13 5490 4947 88
2020-12-14 17991 4288 107
2020-12-15 16587 6223 95
2020-12-16 14414 6348 94
2020-12-17 15190 5987 115
2020-12-18 14128 4780 110
2020-12-19 8101 6440 96
2020-12-20 4928 3914 88
2020-12-21 16276 3715 107
2020-12-22 14124 4689 84
2020-12-23 12982 6186 94
2020-12-24 7340 5486 79
2020-12-25 1161 3837 91
2020-12-26 7437 1820 95
2020-12-27 4972 2480 95
2020-12-28 14483 4004 105
2020-12-29 13047 4772 125
2020-12-30 13159 6459 103
2020-12-31 10921 6297 79
2021-01-01 2179 5365 87
2021-01-02 8882 3001 99
2021-01-03 5327 3593 74
2021-01-04 17071 3486 118
2021-01-05 14640 6189 72
2021-01-06 13023 7251 90
2021-01-07 13652 6145 82
2021-01-08 12607 6010 68
2021-01-09 7153 5099 78
2021-01-10 4790 3703 62
2021-01-11 14768 3182 77
2021-01-12 13030 3680 66
2021-01-13 12501 4351 73
2021-01-14 12294 4692 75
2021-01-15 11119 3902 70
2021-01-16 5985 3162 77
2021-01-17 4188 2507 73
2021-01-18 10642 2699 74
2021-01-19 11532 2910 53
2021-01-20 10255 3694 71
2021-01-21 10553 3493 59
2021-01-22 9663 3136 73
2021-01-23 4886 2543 54
2021-01-24 3345 2158 55
2021-01-25 10762 1748 52
2021-01-26 9483 2237 56
2021-01-27 8907 2870 59
2021-01-28 8566 2584 58
2021-01-29 8052 2361 54
2021-01-30 4148 1712 52
2021-01-31 2792 1700 46
2021-02-01 8950 1542 49
2021-02-02 8337 1462 53
2021-02-03 7889 2376 53
2021-02-04 7845 1493 43
2021-02-05 7303 2763 32
2021-02-06 4026 1724 29
2021-02-07 2539 1042 30
2021-02-08 8974 1204 26
2021-02-09 7560 1414 36
2021-02-10 6592 1744 31
2021-02-11 6399 1432 21
2021-02-12 6115 1237 29
2021-02-13 3141 1214 21
2021-02-14 2145 806 22
2021-02-15 5054 882 31
2021-02-16 3112 924 25
2021-02-17 5779 743 28
2021-02-18 5313 1059 15
2021-02-19 5410 1438 10
2021-02-20 3224 869 31
2021-02-21 2150 811 21
2021-02-22 6467 714 22
2021-02-23 5883 1001 17
2021-02-24 5320 1090 19
2021-02-25 5622 947 16
2021-02-26 5060 878 15
2021-02-27 2743 719 12
2021-02-28 1951 546 16
2021-03-01 6296 570 14
2021-03-02 5618 770 26
2021-03-03 5365 951 11
2021-03-04 5155 844 13
2021-03-05 5070 1220 17
2021-03-06 2641 734 13
2021-03-07 2069 472 13
2021-03-08 6327 581 14
2021-03-09 5579 849 12
2021-03-10 5435 902 15
2021-03-11 5483 943 10
2021-03-12 5079 858 15
2021-03-13 2515 696 7
2021-03-14 2017 421 7
2021-03-15 6639 553 8
2021-03-16 6035 909 10
2021-03-17 5632 941 8
2021-03-18 5448 860 20
2021-03-19 5059 913 9
2021-03-20 2851 762 2
2021-03-21 2167 509 10
2021-03-22 6015 705 7
2021-03-23 5491 980 6
2021-03-24 5213 971 7
2021-03-25 4967 1139 9
2021-03-26 5015 983 8
2021-03-27 2873 925 8
2021-03-28 2196 719 8
2021-03-29 5983 744 5
2021-03-30 5358 1107 10
2021-03-31 5332 1217 10
2021-04-01 4891 1224 9
2021-04-02 4591 1136 6
2021-04-03 2862 938 7
2021-04-04 1441 748 5
2021-04-05 6143 667 4
2021-04-06 5416 1243 5
2021-04-07 5321 1360 9
2021-04-08 5204 1342 7
2021-04-09 5031 1340 9
2021-04-10 2883 1182 8
2021-04-11 2352 855 11
2021-04-12 6473 944 11
2021-04-13 5743 1214 16
2021-04-14 5306 1379 4
2021-04-15 5148 1317 6
2021-04-16 5007 2348 12
2021-04-17 2663 1007 7
2021-04-18 1986 755 6
2021-04-19 6231 715 6
2021-04-20 5352 1149 7
2021-04-21 5166 1229 8
2021-04-22 4840 1113 4
2021-04-23 4591 1117 6
2021-04-24 2621 818 9
2021-04-25 2123 691 11
2021-04-26 6513 853 8
2021-04-27 5758 1255 10
2021-04-28 5258 1391 9
2021-04-29 5094 1478 8
2021-04-30 4708 1168 10
2021-05-01 2726 1049 7
2021-05-02 2185 792 10
2021-05-03 6351 806 7
2021-05-04 5458 1147 7
2021-05-05 5143 1236 11
2021-05-06 5077 1176 10
2021-05-07 5278 1034 10
2021-05-08 2724 888 9
2021-05-09 2090 604 14
2021-05-10 6089 676 5
2021-05-11 5129 832 10
2021-05-12 4832 872 8
2021-05-13 4714 918 12
2021-05-14 4493 1137 8
2021-05-15 2376 721 11
2021-05-16 2209 558 13
2021-05-17 5554 487 8
2021-05-18 4858 805 5
2021-05-19 4469 923 16
2021-05-20 4108 758 9
2021-05-21 3851 675 9
2021-05-22 2229 557 13
2021-05-23 1818 375 2
2021-05-24 4442 518 9
2021-05-25 4111 629 11
2021-05-26 3606 659 12
2021-05-27 3187 557 9
2021-05-28 3065 444 11
2021-05-29 1928 352 15
2021-05-30 1593 148 8
2021-05-31 1185 365 16
2021-06-01 4342 274 8
2021-06-02 3422 1176 6
2021-06-03 3421 400 10
2021-06-04 3111 373 11
2021-06-05 1898 259 7
2021-06-06 1587 265 8
2021-06-07 3705 295 6
2021-06-08 3126 305 10
2021-06-09 3069 362 6
2021-06-10 3104 305 9
2021-06-11 2649 326 7
2021-06-12 1706 231 7
2021-06-13 1356 137 8
2021-06-14 3226 232 2
2021-06-15 2733 211 8
2021-06-16 2524 228 2
2021-06-17 2657 216 10
2021-06-18 2771 546 6
2021-06-19 1829 131 4
2021-06-20 1257 147 8
2021-06-21 3043 195 4
2021-06-22 2715 208 5
2021-06-23 2552 227 7
2021-06-24 2727 252 5
2021-06-25 2459 246 5
2021-06-26 1629 126 8
2021-06-27 1234 131 2
2021-06-28 2791 180 1
2021-06-29 2565 288 4
2021-06-30 2374 245 8
2021-07-01 2444 297 9
2021-07-02 2248 293 5
2021-07-03 1577 169 3
2021-07-04 703 197 3
2021-07-05 2134 148 5
2021-07-06 3850 284 4
2021-07-07 4610 458 6
2021-07-08 7651 389 2
2021-07-09 4717 402 4
2021-07-10 1654 300 8
2021-07-11 1374 153 3
2021-07-12 3351 547 6
2021-07-13 2955 597 2
2021-07-14 2997 578 1
2021-07-15 2861 550 4
2021-07-16 2904 610 2
2021-07-17 1760 343 5
2021-07-18 1618 286 1
2021-07-19 3288 696 0
2021-07-20 3330 697 2
2021-07-21 3424 857 6
2021-07-22 3561 760 3
2021-07-23 3447 819 5
2021-07-24 2280 597 7
2021-07-25 1918 488 5
2021-07-26 4229 1062 5
2021-07-27 4176 1228 9
2021-07-28 4290 1256 6
2021-07-29 4711 1430 9
2021-07-30 4326 1133 5
2021-07-31 2775 1044 9
2021-08-01 2432 610 9
2021-08-02 5909 1561 13
2021-08-03 5904 1721 8
2021-08-04 5928 1899 6
2021-08-05 6571 2023 8
2021-08-06 6554 2135 13
2021-08-07 3973 1606 8
2021-08-08 3401 1189 18
2021-08-09 8413 2178 15
2021-08-10 9003 2455 17
2021-08-11 8866 3107 11
2021-08-12 8999 2659 11
2021-08-13 8745 2794 12
2021-08-14 4775 1887 11
2021-08-15 4425 1870 21
2021-08-16 13194 2641 18
2021-08-17 12915 3479 19
2021-08-18 13234 3676 15
2021-08-19 13306 4062 24
2021-08-20 13186 3788 19
2021-08-21 6849 2780 34
2021-08-22 5259 1641 25
2021-08-23 16102 3589 24
2021-08-24 15846 4980 17
2021-08-25 14573 4969 28
2021-08-26 14224 4836 24
2021-08-27 13345 5020 32
2021-08-28 6965 3330 25
2021-08-29 5024 2863 37
2021-08-30 15467 3646 27
2021-08-31 14860 4767 24
2021-09-01 13586 5175 37
2021-09-02 12742 5020 23
2021-09-03 12090 4172 31
2021-09-04 6759 3371 23
2021-09-05 4734 2576 37
2021-09-06 3692 2804 42
2021-09-07 16058 2904 38
2021-09-08 13577 5131 32
2021-09-09 12513 5412 38
2021-09-10 11563 4040 48
2021-09-11 5956 3772 38
2021-09-12 4717 2316 41
2021-09-13 12868 3529 44
2021-09-14 12287 4675 51
2021-09-15 11074 4094 50
2021-09-16 10479 4309 34
2021-09-17 10162 3456 47
2021-09-18 5143 2642 30
2021-09-19 3826 1899 38
2021-09-20 11400 2627 39
2021-09-21 10431 3909 41
2021-09-22 9274 3601 40
2021-09-23 8942 3216 49
2021-09-24 8153 2914 49
2021-09-25 4475 1682 43
2021-09-26 3311 1691 41
2021-09-27 10252 2349 43
2021-09-28 9155 2854 44
2021-09-29 8473 3386 30
2021-09-30 8058 3186 33
2021-10-01 8184 2357 39
2021-10-02 4103 1975 28
2021-10-03 3167 1802 49
2021-10-04 9073 2097 42
2021-10-05 8328 2623 33
2021-10-06 8286 2265 35
2021-10-07 7962 3565 30
2021-10-08 7353 2324 27
2021-10-09 3708 1314 28
2021-10-10 2849 1078 29
2021-10-11 7655 1598 31
2021-10-12 7301 2751 36
2021-10-13 6953 2608 23
2021-10-14 6837 2279 35
2021-10-15 6220 1906 27
2021-10-16 3389 1185 29
2021-10-17 2312 674 26
2021-10-18 6865 1567 24
2021-10-19 6293 2005 27
2021-10-20 6199 2136 29
2021-10-21 6023 1845 19
2021-10-22 5778 1556 25
2021-10-23 3116 1075 20
2021-10-24 2289 896 20
2021-10-25 6800 1464 17
2021-10-26 6019 2064 17
2021-10-27 4053 2032 14
2021-10-28 592 1940 1
